0,647
14,2
21,7
21,6
13,129
21,2
21,1
13,77
13,74
13,73
13,71
13,70
13,69
13,68
13,66
21,5
15,2
17,2
18,2
13,65
13,64
13,63
13,61
13,59
13,58
13,56
13,54
13,53
13,52
13,51
13,50
13,57
13,49
13,48
13,46
13,44
13,43
13,42
13,55
13,40
13,38
13,37
13,34
13,47
13,33
13,32
13,31
13,30
13,28
13,27
13,26
13,23
13,22
13,19
13,41
13,18
13,17
13,16
13,15
13,14
13,13
13,11
13,24
12,6
12,5
13,29
12,2
12,1
13,36
11,6
11,5
13,39
11,2
11,1
13,21
13,9
10,37
13,10
13,45
10,35
13,72
10,33
13,67
13,25
10,27
13,20
13,12
13,2
16,6
16,8
16,1
13,35
13,8
10,26
16,7
13,62
10,23
10,17
10,15
16,2
10,14
10,12
10,38
10,11
10,10
10,9
10,8
13,7
10,7
10,5
16,5
15,8
15,9
15,5
14,8
14,9
14,5
13,60
10,2
10,1
13,1
8,7
8,6
10,6
8,5
13,75
14,7
8,2
14,1
8,1
17,5
17,8
13,5
6,6
15,7
14,6
17,7
13,6
28,10
28,9
28,8
17,1
6,2
6,5
6,1
5,6
18,5
5,5
15,1
17,6
28,7
18,7
28,5
18,1
28,1
15,6
28,6
18,6
0,276
